%YAML:1.0
camera_matrix: [761.1770,0,619.9148,
                0,760.7583,354.9870,
                0,0,1]
distortion_coefficients: [0.0208,-0.0336,0.0,0.0,0.0]

